0
26778.5571987893
40424.9387408382
46905.4006522121
49492.6793189919
49981.3395061577
49354.7690102520
48151.2307012911
46664.7538516036
45055.3834333472
43409.6841008332
41773.9434479636
40172.3923898547
38617.2028444289
37113.9727741013
35664.7347088461
34269.6051949263
32927.6884330489
31637.5706696764
30397.5900491293
29205.9832938164
28060.9648419000
26960.7689702249
25903.6716544478
24888.0013580083
23912.1437924929
22974.5434149418
22073.7031780805
21208.1833637522
20376.5999535652
19577.6227843445
18809.9736227429
18072.4242312908
17363.7944641429
16682.9504121750
16028.8026069178
15400.3042872888
14796.4497301030
14216.2726437469
13658.8446235785
13123.2736671988
12608.7027475613
12114.3084418226
11639.2996138414
11182.9161482757
10744.4277342810
10323.1326968828
9918.35687416065
9529.45253845256
9155.79735985684
8796.79341037374
8451.86620709435
8120.46379290603
7802.05585324369
7496.13286747351
7202.20529355140
6919.80278465127
6648.47343650985
6387.78306428345
6137.31450775963
5896.66696381180
5665.45534502878
5443.30966349273
5229.87443871961
5024.80812881448
4827.78258393170
4638.48252116510
4456.60502002807
4281.85903771619
4113.96494337665
3952.65407063917
3797.66828769256
3648.75958421869
3505.68967452314
3368.22961622718
3236.15944391116
3109.26781712290
2987.35168218787
2870.21594728004
2757.67317023324
2649.54325859380
2545.65318143416
2445.83669246645
2349.93406401302
2257.79183140801
2169.26254742120
2084.20454631095
2002.48171712882
1923.96328591298
1848.52360642199
1776.04195907402
1706.40235776972
1639.49336428977
1575.20790996992
1513.44312436831
1454.10017065076
1397.08408743085
1342.30363681132
1289.67115838407
1239.10242895476
1190.51652776772